45.8873551241923 30.7975316644157 34.2261200494682
44.5192196324511 29.7535961403711 43.2353477967517
43.9282324590358 38.9404777350391 42.53012060344
45.6981739163692 28.4785181061161 40.9142561094256
45.7810363695287 36.7854883507975 34.4255858376354
45.2164177597415 37.0228917106991 38.749073166111
45.005314926995 33.3793435804059 37.6436014578497
45.8986452685715 36.4335302340705 39.3500597660722
44.629270770988 25.8410647934828 38.5134600192367
46.6058133760943 31.0853032617655 38.722270545673
44.8877520343882 40.9745824413027 37.3914376214656
45.5055315282417 32.7844224904015 43.1484442156161
46.4634942333223 33.5966563079555 41.9849269975689
45.3164177292355 25.6626625315047 47.1377140250736
45.1887888129803 39.6281877814849 34.6736616661221
44.9638230401036 41.3935146014185 37.047870610123
44.1508382826747 37.3338038181043 41.4485027335191
45.1455101731436 32.4460544629745 44.0700207007436
43.9578392883747 20.4213302112727 47.207395975457
43.5996621291237 33.2624829074073 46.2648459263551
44.6124501042579 41.1507962788914 38.6266581091952
46.7243687624923 29.9145448025148 41.9934963793815
45.1637072189664 39.983459053732 43.6883316673732
44.9720966712407 36.3173086439084 41.5165567311859
45.1051122615458 39.6412889306959 40.4596670300589
44.9753796821652 27.3804304022187 43.4534584260166
44.5733327704515 27.0944204388837 40.0257317373384
45.8275904355921 38.3998695838844 39.8736195428971
44.5200357170476 40.799932371665 37.9726197509718
45.445848319047 40.1662217527243 40.0699280664148
45.8426558789808 38.637792975803 38.9912555733473
45.7348678765051 33.3996885488259 37.8171648552619
43.5965864858309 45.9921824371831 39.5201417503006
42.9804729031159 35.2934925436759 42.2187709261652
46.4847293041298 35.4920720500135 38.6284357143414
45.0676233807587 32.4814636626289 42.0890503959172
46.3289021144209 21.9600102120217 40.9792517333049
45.8338797191395 33.3540631840805 41.5399381872042
45.4653558663022 30.9453517349301 40.6601859082814
44.5839332318976 39.483548334069 36.8534270061291
47.7383164629578 32.75313462797 35.7524204792171
43.4064306437963 31.8833247237787 40.7439067582267
45.0409254919749 27.0593962572994 45.3065695725598
45.3605725168545 40.322619843018 40.1501387116783
45.1925989375738 39.5403886344293 35.6551009447427
44.175065672104 48.5439791152108 36.0868964729617
43.8911489722626 33.7380251022538 37.5725942763133
45.1209591839459 41.2882808083401 38.5728873274681
45.6168568141255 30.3472162663765 41.9566861311668
44.0978094072833 40.6122547503217 42.0507654887716
46.2835405882395 31.7076091004101 36.7760758776707
44.6866791536767 38.4727670635604 39.9691647424608
45.1577928954816 38.3539178174789 37.7791669485519
45.1982523926179 36.2681459773848 40.5857171130265
44.9719316358011 35.7306783333629 40.423832777516
44.5422434049424 28.1962994283301 44.2349309084342
44.8345291870249 39.5111018611653 39.4107132673016
44.9125899905938 36.4998094811244 37.2873401804742
44.5463179551481 41.8032601240041 38.8437539487511
46.0901789251766 33.7256433644449 37.2721106945484
44.9634057331842 36.8890101537456 40.5863961685517
45.7448897542781 26.3352949665286 40.9086926365223
45.1334531984203 48.3473288221262 40.105495322816
44.7972503485483 32.1698191363389 41.669948411582
44.579933463134 33.1639005059543 41.5438775009085
46.0704852028955 30.9891276975603 43.0470895630135
45.043818517771 36.0938897355229 38.7493265686971
45.0057090090609 39.0556665165243 39.1822419612496
44.9264570163225 31.3482186264483 44.2863141620461
41.9665609120958 42.3112838280955 43.6301655333063
45.5479713833214 30.9512963560333 37.4889302773366
47.4149823414264 36.671613643346 30.1827461508362
44.2706554841532 35.7746090219682 39.418637187632
45.3604582842816 39.1559766627451 46.7301591227332
44.1222143269211 44.0170857075496 34.1945468634949
46.2825122148203 35.3869141654201 35.0475893714354
45.5007440962996 33.7470668365213 40.6417612652969
46.3630413434622 30.8945908942586 41.9802109351887
45.0305859808688 30.3275972592433 37.7029359856897
45.8294241642651 48.9537847102941 34.6884748629323
44.5089674960972 36.8773430184327 41.6466228130751
43.9061644989808 36.2375244590218 42.8848581522401
44.9142846237478 35.5803288144111 35.1038712022875
44.2132232914467 30.5404359496914 40.5218531017289
44.6316083248416 36.8544319159395 38.5181107148213
43.8065006636504 23.3291831659236 46.2227711019463
45.8651739327088 35.7715467498498 39.8874056866661
47.337290209016 41.8450482518455 29.0265741144699
45.1865974138218 33.2130723472038 41.3820003557974
44.9842485250575 35.9736790051204 39.520874401753
45.0014986089804 36.4058586485613 37.212353964724
45.2257742935215 32.5879766428952 38.5258813090856
47.0571903016823 48.5238659274393 31.0194503293581
45.5445101049559 43.8102796492999 40.3546407547548
44.744230602552 39.5859679902393 36.3650747218786
45.0277759918216 30.413557445043 41.7227457425473
44.7142926036062 34.5105736240121 39.4660135223962
45.3365823728463 29.2112654823438 37.5303267219725
45.0537810723454 32.024922064362 41.1960434359794
47.8832293527232 30.7505090428318 35.5331507933847
45.3310862153953 33.6718192185183 38.7090332156367
45.2048861599202 43.8917302677164 43.0460150883653
44.2598658057442 37.1484280323151 39.1317434295315
43.4512786549641 34.8459370942808 43.3844838241147
44.911848795536 36.9541484756496 38.5264315466226
45.6751010642645 28.192494423176 43.8007031744147
46.0819468615019 30.7476787627693 41.7938435513364
44.9156648983442 30.86896622627 44.1234908987291
44.452624157192 41.4893838129283 38.3350494607888
48.0044556965107 30.7686712117457 36.710864048967
42.4792629204809 41.0013823954115 45.5856827404319
45.781240766689 32.032568935652 40.6314888434479
45.200817944069 32.3650007873712 41.1781326866314
45.4672523777959 49.8267084949215 35.4787230931057
44.5957091963822 35.8839685339301 37.5748019240266
45.6123710556541 46.5136894777551 37.1231133114309
44.8627396915575 36.6647978327376 36.8290429232233
46.4424608108765 37.9586409483626 35.0593909454234
45.9441510845029 38.6351103008674 37.0696340556444
48.1292307528667 29.2713036958062 31.7246048685811
46.2427916820481 21.6619016915461 45.2465103185117
44.9617965452748 43.6209609717623 40.8103926394308
44.2584203003902 34.0410918462971 45.9205317646642
46.8727628500002 43.2771479157825 29.0822177958815
47.496951054192 31.3563730764944 37.0861236923196
44.3226278601556 29.8941007014465 43.4915508649621
45.8648947356344 40.4869041868191 38.6738785967163
44.2795894291525 39.1106308361288 39.4527671193207
44.1859124363429 32.8796463043203 39.8423173048379
44.5214062463274 32.9260541275984 40.7617869777248
44.9614141653421 33.322854919785 41.5235606807721
45.9919827739993 39.9031838320834 38.3236992407102
45.6020105507959 35.7656273103968 36.7902210701817
46.1287777735866 21.4485502626665 43.1463388264498
43.2005911472106 46.010465269417 39.5706126529357
44.6934626083859 31.2057958967447 44.3661504079997
45.8606016557245 33.0730728128033 40.8358841429976
45.9703761558705 29.288900583815 42.7685229461169
46.2594215379592 28.0992126220762 37.3933757835003
43.6660143039399 37.163890816332 40.9062823799364
44.0611255806118 36.6977560918788 41.948783813107
47.524788074706 25.3143776681166 37.4480024350542
46.5619403282749 34.425410023644 42.0367006047801
45.5863673426957 25.5872431779029 44.1938579326474
44.9023712981134 31.3325414202828 40.363084750556
46.0903401272111 29.3627581181969 39.3304281364854
45.6489383952815 34.4297877866635 40.0105147401659
44.8872804883858 27.8445291050369 44.4690938826121
43.8399812104231 30.6652261074553 41.1903149022914
44.8352832825456 33.8484169745328 42.4236032225743
43.3625673401291 42.7291531153759 40.7120324779847
44.8982444766507 26.4596991796195 41.9726903216518
45.0493537413034 42.0352843249833 37.817388102977
46.7356183530126 37.1296188749176 38.9646723698583
43.6385867277743 38.74116444243 40.9675265043581
44.0566160622584 37.6519406527628 40.0159569924442
44.3998879093779 25.5699101365723 42.8944977822899
44.3860294230067 32.1994023817233 39.0105533370546
44.8919178765349 37.5878468970765 38.3669363474773
44.0551844666035 39.6782581000719 39.8679792986946
45.1114376043797 31.8738221992833 41.4999023252299
44.1911473970331 39.9605803774406 45.3017632027759
44.4638431732095 45.2834180830316 35.4823517820087
46.0469714892822 32.6305228830465 35.9618084157635
45.258621011774 33.0072330265579 41.9397601585025
43.5198441705997 41.7047719560695 35.8703247212393
44.8773019904538 42.818614018472 36.9067145961209
46.2896161363494 39.1227830765103 34.4107860029216
44.5492468063035 31.4010923741165 38.2492160773632
45.2866700867317 38.7859390214368 34.5984404769788
47.288244769202 35.2559895607879 29.5844273685814
48.7032745169972 44.5930890131419 26.9209752810836
44.881464155799 30.411662583751 41.3961901649479
43.6993782251037 40.2444944939018 39.3920541416098
45.1699265742843 28.1471030291111 39.0549932727826
45.2767345929184 29.27240281948 40.6187576916455
44.4276790416851 25.9856411127916 44.7242412173712
45.2324860951905 43.2868980570395 36.5711954141162
44.3352065740846 35.201529892163 45.2387734922566
46.8160500878388 33.3320036737026 36.8702222908284
44.1359329534929 37.0515260609586 39.4634494677723
44.9299520898168 39.7975068536688 37.9727159573879
43.3183596754948 31.5541900816381 43.2869536270863
45.6086521320068 40.3943964619175 33.9630183532812
45.4247017385414 32.2208267892434 39.4774441048872
44.9943615203447 34.4186524737877 42.6428977145454
45.7204122995796 30.9626888732191 39.2887624430818
44.1030992610194 43.7290084116672 34.6364935092821
43.6748064653629 34.7181329780609 39.006464891003
45.4741880662657 48.3383302649828 33.0184137408349
46.0471038294254 31.8247549793911 36.9083584917947
43.5885440942719 33.8460016642604 40.796143933429
43.6452137406523 30.4467681812919 44.2262114821704
44.0562537838689 42.6290352800347 39.3619179891663
43.7676035181834 37.8075521687909 40.8372410611592
42.8233973146284 32.5683311750126 41.5815545761807
46.2159922825296 32.0482398441342 40.3107798951695
44.3018766551107 36.0200915225467 37.0242440725948
42.9950877612589 42.81931347705 41.3232356019935
43.9921097650005 36.7533773320529 40.3751734286941
44.065970794552 29.9372033087606 44.6600100831821
45.5813745307447 25.9693395537425 42.3971656265906
47.1785934686571 27.7211022410566 37.3231269931261
44.1334207533496 36.9426940017986 36.9910924971072
44.1339465503468 37.5839075911891 39.5620193687234
44.5446802051781 36.9962381608357 40.8500688028165
45.035911711419 35.4692086768357 42.3358330570927
45.685412930036 42.810524877397 39.1954764720164
45.0127050416805 42.806302114617 38.4783711740388
45.8897515837765 29.2145933535223 42.3564765150323
45.4079480039904 35.4761215704099 40.4882236596478
43.9842493712444 40.494022184692 36.3950275184684
43.0915175936957 37.5697071192875 45.0077241614485
45.6459814549302 39.0136347226076 40.0472646948279
44.4949675952528 41.8234922207958 34.532810756626
44.7266522975251 36.0146475899232 39.7947529109031
46.1365113970447 35.9112158562696 41.8916495530862
43.7150206086909 40.8940049833367 42.8159920509045
46.1964186747698 41.4582336931127 38.8181199582774
47.1064714509978 29.6762882478628 36.7100060231035
46.6215766991103 30.8689898356147 39.4852474087402
45.0615313823482 31.1049184988913 40.8134718274859
43.9538207884374 26.658126043761 45.224309481479
44.3154039313472 41.1585065320553 41.6871100953785
45.1583998603231 27.4795652265854 40.1845287128449
45.5238407285557 37.6502582209128 41.7603761258026
44.5117916454871 49.19375142626 40.2243411640176
45.2285246388335 41.9632361285552 38.1996038151154
45.7882326382634 25.981681239972 39.1873883850753
45.9118506673873 29.5716597760044 36.6464848995564
45.4038644502428 32.809114895115 42.4734872314436
42.8498314224826 41.0380667373067 40.0250713002535
44.8086693732713 30.7504122509851 38.2046063039501
44.7458130429038 30.5034660579862 41.696490315447
44.8596509169571 33.7111519697605 34.1834821796791
45.9480023893223 30.5918244025983 38.7939260151597
44.8756250821246 35.975104369452 41.5944853631131
43.1501413193347 38.9571901316799 45.0457855332961
43.6697841425505 42.5129555871377 35.1639208687129
44.5855488407777 43.0168281766094 36.3322117595573
45.5840050843919 40.0994110273262 33.9931159078663
43.1107502109595 34.5896460984332 43.849536139895
46.0080467236876 32.178681600346 38.0189199985308
44.2424253866828 49.4600212279645 36.8963557063147
44.1839481388717 34.8070026743901 41.2638412934345
44.1008637233051 31.0345359841207 43.1812935469318
45.9080354987505 31.3541696361234 38.9751792283051
46.2323956123207 36.1729190591245 39.1826996892242
45.1425885928434 24.1193874187674 44.0545499115828
45.4495284492531 27.5091147393589 41.1900522321205
44.8749329063726 38.8726181009329 38.0575865147611
44.169864354205 40.6525437352038 41.4567198187753
45.3350409400924 32.1661779815933 39.5943375268454
44.2687594034804 30.3975708373101 48.1924998678026
44.3800387643041 36.6644910002725 40.4512339270404
45.2970105888405 30.2132453098908 42.0339687924849
45.129900624804 32.6119653327384 41.3213211058043
45.0752364178049 36.2987079752221 42.1285823816655
45.6921771323296 31.7053074166181 40.9224962309477
46.026497357361 33.1815082158598 37.7154701834087
46.4450191940607 35.0421832849985 35.6607282777572
42.2144337433631 43.3493798971201 41.6716706040338
45.4624747163034 29.3666795471856 43.274444028429
45.3834974223508 34.2261888211765 41.0602516004062
43.161228453767 36.8096813890815 36.2869414382883
46.4687938427994 26.8473527010461 41.0817693061123
44.4698473206728 38.6829546074841 40.4290607925006
44.3278897996442 28.5017473965092 45.3232425321538
45.7360577236821 28.8311886786731 42.3874535918161
44.5699284127334 40.9957815511603 35.9023358532274
46.5316212840824 35.9806180710072 39.7040050488457
44.5883212307701 45.2144309062446 32.574123983299
44.0967642956308 32.9950027300693 42.1078389278138
44.8786646544294 39.8009532572216 39.1022645185098
44.7416717340968 35.1044564417306 35.812098337454
44.7623637757063 29.3352429070939 42.9889577407929
46.0463599326652 29.2944476204032 43.2258905628309
45.2609496120951 38.5429563785045 39.5880406770263
45.6138241105997 33.2845623199818 37.0037122589827
47.1237537709535 33.5421899153434 41.2749835268586
44.2359876033711 43.4670596739509 36.7998609301012
45.1363165311816 44.1171228667747 37.0300483872289
46.5518553042545 37.3846285763099 39.5681602572765
44.8409406077985 39.231528084385 37.8445206843167
45.1248669991424 34.4269837795537 40.5390435265325
45.4139883720751 31.2248773910127 41.5721826994322
44.5627489995311 32.3733445262851 42.5982332183993
43.9004248009171 35.1443693963482 44.6055202448976
46.0193993800029 41.4074985128987 36.5271175406715
45.028378537416 34.5029045722614 35.8884018575616
44.9553613243924 46.3627355134489 38.7487092992019
45.017956245414 20.6417154954927 41.9627823395461
44.9959408536832 42.0856664941917 35.0702350280349
45.3947546082078 37.9597897091356 36.8689204550137
46.2642946541593 29.3381635965384 38.2901452036041
45.1346586607175 36.9766157363651 37.9008903466604
42.702794573782 36.1474534197506 44.094583202325
45.3831180024729 34.5805892360191 37.8651735121412
44.567567797674 36.4009042178264 42.0882984539804
45.9582936692135 38.4005384566774 40.2327221000555
43.3782517809813 43.6566924693246 36.6561340484604
46.7559429166474 24.5388961232724 40.5637185133904
43.9498887244094 44.8774650724667 40.0704920782622
44.2367402188577 38.0271022665499 41.4091547374273
44.3380106703341 34.2597937009842 42.9029936870326
45.552978597027 34.7840245509466 38.4353634023574
45.1799538895308 27.7827534630951 44.2820737566849
45.0730321368086 30.0228875364319 43.1848499289967
45.2954820547188 36.1270299721838 38.6398823589779
45.2419040485625 26.4254681644658 40.8872443422343
45.0445581367784 30.2107273695246 44.9134548241516
45.060909373907 35.6988209016544 39.8153538029423
44.4152289362593 39.4781299285099 40.7913147245018
43.83294472699 35.3268295123218 44.151060547717
44.4038159025617 31.6545047102184 39.9990710110385
46.7098358968355 27.7252335301587 46.1415828507561
45.4363813751302 32.7830304510887 38.1309786404407
44.952353029564 35.2802870850195 40.2786753023729
45.8663210137723 35.28909673027 39.0858959999989
44.365329354851 24.9139810081037 45.3486583054109
45.3824360822297 35.3123197576841 37.9963550090933
45.1421099684375 43.2005715303789 41.7273146346248
45.3836448659524 43.6637863081265 36.3189574325275
43.2856343324831 32.0964750073234 45.3306206244497
45.6943883068249 37.2594131339041 39.1857088975795
46.5826199154607 30.5218545893457 37.6089689975443
45.8255512669872 27.2314740574148 42.5423900763237
45.666201538547 39.6503708943322 39.096336343642
44.4285178242193 44.6628603220852 37.0940106801728
44.5171871802798 29.3182681090445 42.1880080717682
45.1713316049121 38.8918915732475 39.6952161688476
44.194117371865 43.2070372637188 37.659881099078
45.7817467744569 29.4587680505013 39.5491117761207
45.0776088797273 25.4192003484417 41.7462567952332
45.7605151546634 32.7446498931515 39.2278475474095
44.6978537480466 36.7617200344626 36.516667717176
44.3627252059192 35.8877275389295 39.2088480700029
45.9458678835046 34.3455825274664 31.538699105218
44.3224884372649 35.4017123858812 39.8453777997723
46.7497845630354 38.1962637104249 37.613707827786
44.4000643572887 29.1704658032427 38.1104810194289
43.462559872288 39.4383346112137 42.3639880032623
43.9682191070187 40.7256800852668 41.501000669641
44.3488518503369 40.8589526189259 37.0276169757486
44.23936762896 41.9585375631579 35.5369000944774
42.93208913693 30.5200145403568 42.140433432331
44.9999760807548 39.4293424795852 36.4939650179454
45.100645880233 35.2567644110594 38.954159750603
45.7717748872526 27.5576751105272 45.0143589265044
46.479773225086 33.0337732749729 32.9929588790932
45.3751384118431 35.8170497996575 36.28801739735
45.2797953093907 25.100451479928 45.1904939355501
46.2651499626385 34.1808462642798 37.6699737030481
45.9418427058523 39.1200828172647 36.6618772252205
43.1892381228796 48.8807249526999 39.5749398065818
47.2297149596269 28.4789944215089 36.5907208620205
46.5054069011462 32.4708141942248 39.4503711162171
45.2276324132287 38.9830774518042 40.6443795923274
45.2943007170181 38.7909520692854 39.2132793250338
46.4449432326258 33.9735207645504 36.0599761345553
46.119916371423 31.7762762606463 36.9055877741444
44.2075638711946 23.9266970487872 44.4033570901309
44.2799776108602 45.2887811197071 38.0044142786082
46.1806950482432 27.1041578530141 40.4853645889045
44.814530387414 37.296577797444 42.0582853860319
45.1011870551689 33.5607816166687 38.8936125956071
45.4558141635537 33.3348656244701 40.5268702514495
45.1491289164715 41.0741581485917 40.1860249988871
46.8018033692176 30.600969816483 40.8062559111573
45.2431428482825 35.9548985059948 38.4135691968587
43.7993993716409 37.3451469402139 35.9418020985789
44.4863824649983 30.2340380739613 37.9440701185721
45.5311335024648 25.9689260621115 42.7135931648357
41.8636585799649 49.2396462525701 36.8282622979637
45.4476229863904 30.7079769220988 41.9752884542926
43.6925628542196 29.8804757382445 42.1509196519821
44.5566592017141 42.2121101891676 39.3793572111757
44.6847178990326 38.9676769835885 37.9578505436004
46.4977516718144 33.3387214298585 36.8123935235212
46.9736445197904 24.4879100657797 36.0415693405876
45.3948571116717 27.3268325926973 42.6442098285677
45.4540180371506 35.4634497251573 37.4046947642351
46.554804087295 38.4347666169561 37.4159085270655
45.3777486395611 39.0500307041945 34.9273777658413
44.5750215261108 37.0315988330614 40.0070811594731
47.5785488331061 28.9333449029789 33.3155578312933
47.8064338845052 31.952472356721 37.0846964307017
44.5040636155573 29.3420387834149 38.2095392117095
44.9135771719037 34.6156313330557 40.5620365249108
44.6921448276789 31.2906012034527 40.7578086216466
45.8226046284439 32.0231437962486 38.7211298982435
41.0580062848284 46.4505944145698 45.2284724471992
44.6317662574927 30.4934954353256 46.9707834790977
43.8692221476241 35.9485381269518 42.27009764393
43.3929139246546 41.1591317094808 42.7376366752053
47.2795007870845 29.3539134219949 41.3428184988609
45.7546042261132 36.9673712124716 40.6010720921427
43.0060004977711 44.6370781845283 42.9113124357565
46.0056051545448 25.9571472182291 41.2608971159231
48.6036450328363 35.2236760105259 38.7663818450424
45.1651476948146 31.9273726740853 39.5430865675505
45.9310494183368 36.6262194954722 41.4641779068876
45.6623241806814 35.5412293775232 38.5674931564494
45.3833787288938 37.6268351157685 37.9826657683941
45.114050723533 34.6694606434162 41.0870432296018
45.3562765258034 39.4106135993646 39.6448571816497
44.5580797596852 36.465194162252 41.4064728169553
41.4579003224431 48.3411204590633 42.3451981912804
45.542147061586 35.2179452715513 41.8193869334043
45.3209421718195 40.230161510674 38.2694750469819
44.8893549563233 38.1256757829734 38.914600857066
45.2198335867674 40.2370541668945 41.0508578275158
46.6765190101769 40.4396377707287 35.658471790191
43.39542732436 39.8940859235269 41.135950778309
45.2611179718349 30.8373218177897 40.1541745613127
47.1729487533669 42.1025938983102 32.9327464946752
45.1810461944442 39.1007616789351 38.4727520436524
46.2562952362827 20.4706913430322 43.320908443176
43.9648731594286 44.3441526388645 40.2931587213981
46.4542612223138 20.1148164993525 42.0831138817626
45.3191157773267 38.9982539797197 39.0821369167672
44.1953233475221 48.7577345628473 38.2063921245071
44.7649785004966 42.9670234928463 33.8529753097687
44.5865978478352 34.0812565205508 42.6816342878431
44.2797652091813 36.5441189757707 39.8563231251819
45.5902976627917 32.9857125450077 42.2663405482202
45.3661641378028 32.770319492797 40.1212228782094
44.4242038435014 46.3356496960656 34.0482941641896
45.5078227183516 44.4031917660146 35.2170056676488
43.1038741861581 42.8896439593066 37.7474341990332
45.1033230833693 43.3691185339583 45.3389785416054
44.8214075700058 29.9715114264603 42.0866783057722
44.7027901642491 32.7441811616342 40.6783455297152
46.0275637571316 31.2039349181107 41.9085606650742
44.974991087233 40.3900505825919 40.1773972891755
43.7837025196462 42.8695409780001 41.0258417524818
44.8372289814466 37.4878008339146 39.6224816228589
43.9265710037169 42.9782274560295 38.9994119828059
45.2767398113709 38.9288156052082 37.4038105649668
43.8105312035896 43.6805161573232 31.5579392654488
44.9293829267358 39.6270959813795 34.5574048399768
45.1888497537099 45.8712822206853 40.4900783649572
44.3758557331624 44.5913757093815 37.2340218422009
45.9637606064016 33.622085323279 40.4172348229579
45.1194019510787 29.3590307680934 41.22616273565
46.4030517356991 24.8045475715117 41.887304255977
44.2500345840915 30.8896880107648 41.4318123072865
43.0884746425979 47.470013508845 45.8853232653373
47.8946438522319 26.9728442621331 37.7114798444253
47.8949697663258 27.0880314188242 34.2262105349399
45.8294683203039 34.0969442280281 40.1235442288382
45.1148228511189 35.0332119373338 41.7693804317342
45.1247261145225 47.2361145276638 34.5011165156747
45.6065631113574 38.4710983156208 35.3350713787864
44.5854492685518 42.2940157483426 39.9412309826498
44.674060620612 39.0111677820601 41.9253430699336
44.8999792989326 35.308362732364 37.8762024431833
47.3943557323339 33.8832534717866 38.500579435154
43.503514372316 37.4909509575139 41.4878487897536
44.5902047785395 28.1030607879697 41.4124313356281
45.3316718946175 28.8103650546623 42.3353415964212
43.9969753741067 32.1936413595197 44.1346876593599
44.6919595439486 26.8377408314365 45.9906602499141
44.2570213956781 40.5716565233569 38.5572237026594
44.1679585958968 31.9661925074904 45.822796791067
45.7246758011787 38.7925913588143 34.6592407216863
47.2310652417788 37.0810470473434 32.3974857412732
44.2873139101981 37.842042742825 43.1715862983026
44.787913452647 32.7486260314785 41.5095336611676
45.2705400008146 41.5317716811241 38.7752587162439
43.6054097808849 31.7157155045994 43.205494539066
42.5680011632179 42.4059248233838 44.9643983305491
45.3207297322924 29.4797093118963 35.8698975219973
44.8717655090984 33.5774742106396 38.4404207021478
45.9538548927511 33.6982239222975 38.0921780775048
45.1106533504305 45.9229413798884 35.6093688145493
43.7696241571963 39.9799731278172 41.4689174174655
46.9852235366922 35.7837712099384 36.1010251494613
44.1499508829368 45.1217731505461 34.0594097760084
44.8696106343979 32.2853726968539 36.131216701734
43.0111723862401 30.7717729544056 35.6775220658784
44.2600661340003 33.6420905241834 38.6011262912103
44.5555604531439 32.1754757779741 42.2604859795781
44.0625114482014 47.4890174104602 38.8956482486669
46.0407197729288 36.2629973706012 42.7415823830031
45.2964182666877 38.0938910637059 40.4434403751636
44.7143473224891 37.291803257263 35.7326393894146
43.829917813067 27.157940855303 41.0030439454114
44.5135053252236 44.7224932869808 34.7874026152534
46.4454810752954 36.1768876098517 37.4563356619799
45.0886437693707 23.3661615375673 41.8327382428524
47.2087789942648 27.4189206527913 35.2780567031173
44.7705069357914 36.6908016814835 42.3796929269885
45.3073680671872 26.0510800097972 45.2716292102049
44.0991839090566 35.4068429376903 45.0697291341689
45.1331880002464 45.1742376754991 36.7334324442114
47.1704443670991 21.9274974745937 37.4041980417956
43.3264769555317 37.8545566280805 43.8017448536898
44.5219004076273 48.3911121622965 38.0935912607451
47.0233903583167 40.0299200286763 39.5496072807945
44.3778465280856 47.8854207529959 39.3465556547424
44.8629199108697 24.0416770705992 44.7843334081702
44.294868981401 38.0471977083637 41.1200254903743
45.3294005672759 34.9977293697827 37.2561034047876
45.0276961797714 29.0050728678169 42.1853119907853
45.077659867139 34.9716502078098 41.4526128695172
45.1373367124252 29.5633677425702 38.9293944650445
43.5908516074465 34.1943487648247 47.8612963730927
44.5733982339922 40.6158349206557 38.9526132264914
46.0904309673228 41.7779856697506 33.6746076838454
45.0358911597278 40.4057063209841 35.7593814050358
45.8699742764191 23.8956882927772 36.6199772993842
43.9151231257956 32.5179157068226 46.256640641424
45.142455206633 40.6078445595592 38.1895256227217
43.8274068220316 31.9529536761009 45.8984322652712
44.1881921752492 39.2167474673093 38.2608401506745
43.8638541477532 43.9134978999618 39.0235591313509
44.7438639857418 30.8654283263888 41.8133736558301
43.8207661296431 35.814032260599 42.2137830818229
46.426242543208 30.8719317395746 41.80898806712
46.789272456833 32.6918161745498 37.9589781546293
44.1680103630294 36.9572851901509 47.408299442636
45.1897611519701 34.7597824116341 38.6783137140233
44.8640315805629 49.3921913508167 40.6062804627179
43.3706372557586 31.7702620468728 46.6733058017975
46.4646047699781 31.6614011314156 41.5849015160228
48.2118101264969 23.3654489654749 32.8351383448671
43.9651172953869 29.9348091462815 45.8055966232993
44.0262677946423 35.9762300535716 39.5344159170232
43.8797668494148 39.4861525523809 41.8259040914336
46.0126054066196 36.5199639983417 37.6401502398536
44.4967220721034 43.2105952924073 38.0710609805863
46.2402789018563 34.0185289159488 39.0622257389906
46.5290534271666 37.0995661122369 39.4426043200645
46.3167420466192 30.6635066518815 41.7297424825232
44.9888244190498 32.1515099880086 44.9417910804715
46.5845324558069 41.794990729932 38.6561770650831
45.4081198288801 39.0127961787526 38.0251351629403
46.5084594671092 30.4660134139851 37.2262881679437
45.0008245728425 40.2751176946263 41.9869654641014
45.1288803289825 32.8024058729114 41.254881370187
44.139204292425 32.73597688713 43.4491212548573
45.3571225800132 34.7451504155745 40.0311642402367
44.0933400295163 36.6877168564079 39.9090495841329
45.4905839730089 23.3434338280035 42.5918032579875
45.3684494985505 35.5231816214131 39.1793753317587
46.5333487969017 39.2882242669706 37.2875165921354
44.4970293173521 30.2197173497903 43.7411533520698
43.6287134065846 30.444133160413 47.3453345158723
44.4990124717614 34.4423558701704 39.8205012463669
44.4900344660056 36.4768999660619 41.4570705331055
46.0150634500473 27.9366275042654 38.551240895679
45.3129638078297 41.1020591097158 41.4842114888404
44.9024519979307 36.7099793520989 41.5703690017044
44.8284171020934 42.0384260132713 37.7986691846469
45.0021711417022 31.2138778500126 39.4494369554844
43.2457193691712 27.9323466690542 47.0537413334573
45.4367208647162 36.4135260997833 36.1735860797933
45.7751007274034 29.2327410526664 41.1395899835998
46.2739420738914 37.5558582052687 34.4764427219372
45.3911668213329 33.3903172083716 40.1607646814358
44.382861184007 43.3230026036474 37.8822008850349
45.9724961621748 27.329968132834 40.124199200298
45.7905332581132 35.9225524651455 37.5290336189747
46.5000006739037 22.6402579323734 42.2069484916174
45.7168052052196 37.2006032454914 41.2632518930832
46.1499056890302 30.0226458803567 43.0589420373281
41.3767825026274 34.5635977657834 42.8070424211706
45.6602843777063 27.8789691876923 40.9667276304841
44.5347388197238 33.8760455991969 40.9901409215631
44.8749255470617 37.9667770377124 39.190426317253
46.1855986090461 30.2100205031227 37.6186084011348
44.1280008088222 36.3943081295363 39.7595100228268
45.9460870744947 32.9423849475693 35.7055331080133
45.6895591800055 37.4458694152385 38.5122808308343
45.4035004216281 27.1593804159473 41.7081893578455
45.4040670230342 35.2471054079767 39.0732198385942
44.8491940404898 34.2658917544808 41.3092166953338
46.9101206095746 31.449870677024 39.4931190166476
42.5982320200242 39.9460356987014 39.9425184805663
44.8719074756442 33.0403059820811 39.7049071465206
44.434471868523 38.30411413063 43.3098681460816
46.1054973261767 29.0271446012023 37.7188947519661
46.0073195596283 38.0180784393656 35.6454701876213
38.4603828756474 44.6369290320319 47.8159365725689
44.1070794845807 40.3750687314946 38.2668640588677
45.6354677505199 36.410484088992 38.6354061534533
45.9713058151836 34.3730717581869 37.9138562633468
44.8381393039256 38.7903905160765 42.1467632237359
44.1388222383437 32.5267486903692 42.3869179337358
45.7564384067486 37.2838134447845 37.9609777950062
46.0475436836566 32.7388379159121 36.514100873861
43.4275697561972 33.1580504772483 46.3427798249082
44.4879257103926 39.2146025828816 39.480980242064
45.608668181623 37.7162055510139 42.8755157796148
46.6429026779762 36.8428176709471 36.3967418651287
43.3432253643432 42.6364470925127 37.7880142184334
44.3752366158401 32.022524273558 42.224690412559
44.3088734755008 41.3196457716898 40.6848281212406
46.7989662719573 44.2952613313593 34.7486921905589
43.0232431498313 40.5281503916671 42.1920515307715
43.8815079441364 46.7711834352607 43.5575111319409
43.6962370970592 48.8840624055478 32.6927132267329
43.7446871275839 44.3930115921638 39.6606978956459
45.1752415197575 33.5466520614246 37.0781550388532
44.8581595497286 37.4155447359421 37.5171370911099
44.9070474119789 35.832320828469 41.5041115282252
44.4230420287639 37.5015348593427 38.1535352493989
44.3301877311794 43.2170726159107 39.3706525527464
45.3959601558648 35.2897361324214 37.8373090832709
46.3432853373438 33.5605062959552 39.2586554194446
42.2140292597496 43.9560209761805 38.5388647893968
44.1708243130322 37.1326098637859 37.8768468167221
44.4081788476135 38.7241486698122 40.7554577244854
42.4829286683176 31.1663576168879 39.8332942904557
49.3062377137462 26.5013870400378 28.4465118804269
46.892916110786 34.3730318535935 37.3987857497338
42.8060562747594 38.8821868384574 42.2337179233709
45.550734397341 36.4535517301225 38.0847550667184
46.0800094698208 33.0981366273834 39.5018154025253
45.4663717067821 42.8566201905199 36.40132347933
45.2916807509629 36.3230542574974 39.5155590592272
45.2217730346928 25.908328043339 43.513954157939
46.7998529422911 32.4652281953023 40.9360852163261
46.4565935861348 27.7485187678834 38.1690333989103
44.7661249929037 38.3895065147343 39.2553326736418
45.4262357795732 40.4242541680478 35.234799795894
44.6192686269817 35.7571348199216 42.7427484479127
45.7688492722481 31.8821005273319 36.2568310903542
48.5443077131791 41.5985071534621 37.011020590135
45.0110167298737 32.7213927205939 41.4833100462291
46.5598756855094 37.4762293179897 40.0288442614475
44.2033823525067 34.2631535292094 45.5175343602656
44.2064465625855 35.1272520021417 42.8562536792777
46.5639322765962 43.5171676179094 36.3512026618347
44.0005507211445 36.0895366581834 42.855070303664
46.3199138567644 30.0397154155284 39.7340335870157
44.1847802484987 42.3796313173327 39.848667894238
44.9934084853138 39.4913764865518 39.4038355775098
45.6255977986177 34.0073629364586 39.1551794394569
47.5791994797986 39.0604429377295 33.2790371993734
45.9574612666217 28.0085819683782 42.0392162837383
44.3031237553226 35.2440853496785 40.427299393434
44.7123110564028 37.2592217283655 44.0052482637091
44.4856758449572 32.8846833004726 42.1064564833168
44.7794059975886 34.036159565958 42.408687281804
45.7878291216881 30.5527566698288 41.8550733642264
44.5771622728083 22.3206278029007 48.2235696224273
45.7145187950577 37.0174107124027 39.4453555398908
44.53492993754 49.4971409470999 32.2142707455859
46.2868378889311 34.1844967868575 36.7512423944329
45.75889762054 28.9826473459489 43.8267342737222
43.612792278127 41.8219034819382 42.2487248181496
46.2961587768615 23.686447971713 43.322298565352
45.7358077066059 37.0554636141576 39.588415873942
48.9277611929311 49.3588767160534 28.6262629110791
44.042455356177 33.5660743084315 41.5117023229435
45.3360259288695 27.0500834132459 42.010941450569
44.6166755912344 37.5595885348378 38.7650757665438
46.533126511098 21.0473467862061 41.8118703212193
45.2556442789825 33.2949687438998 40.6558173700695
43.4924889932073 33.6750807380832 44.7872780036317
45.1950172683156 30.7489710101776 39.9671773749752
45.7119724204552 28.2460622471188 44.476708575051
47.4746831257565 31.1160668736908 40.6581611963579
45.5991871934514 37.6662863775661 36.0875420297735
45.3867030690074 41.6720806245018 37.0986711001
45.6155569309652 29.3420398748091 37.7297048246216
46.123550830375 41.4546129350282 32.9504823881922
44.8077610278919 31.442049506597 41.2489306368494
45.4642706367638 36.2075963055213 40.3046939221856
45.8708421053836 35.1154013531174 37.7923960234168
45.4492423823343 32.743422258349 38.1120579610442
45.1398977914858 38.5356345032063 37.0277024986136
44.7033877747662 29.5811883378677 42.8331527515193
45.4076226425042 38.7706840867664 38.1970975067085
46.7620687972792 41.2498345912837 35.5653770304723
44.0495507496686 29.8154732701278 40.940346315261
44.6142846139085 35.0109796855741 41.7455919981486
44.4227241616488 35.3180306621541 43.8586532448397
44.8023669246524 33.0681650526052 36.1933419184195
45.5043222395259 42.0775223390584 36.160778609549
43.3261833916941 36.3940696946808 46.1627468202071
45.0973326180989 41.7338959748811 35.1302709793389
45.715322103476 22.9246054519837 45.4225510999949
44.323086007378 35.6460017024608 41.1678426723371
44.7862049987462 27.9198688060102 40.4719752876468
44.7621727108431 32.0187206241557 42.5845518999811
46.4719006070145 30.2888012242656 37.5560909668348
46.9162828182121 28.6805394424764 27.9355498479146
43.1209663729066 42.1226970210582 42.3640813845961
46.2340698088979 36.9658389744393 38.2093415344411
44.7342446511688 32.0503336048095 41.1685578592801
44.9898602521421 39.6802085327669 38.9287281861633
45.4488697417887 36.2529664352775 41.3313466221536
46.2967696578134 35.4633367447135 38.3573773612725
45.4540009556175 24.4892219701749 41.3930072767555
45.3817339861574 31.7370500294319 39.2204562739752
44.538427664789 31.6028172131258 45.9186608507725
44.9386037339021 34.4648361186778 42.3641756987215
46.2725803231484 24.3916657073842 39.702323388526
47.4201821234357 34.7964602958894 39.635225419786
44.5068217656906 33.4892702533848 41.283923502053
41.8784879313204 44.6489127757361 38.3834945634754
44.6226084540793 29.1826826857662 41.6114127865479
44.7418609455973 39.9045967763439 39.8779640133721
44.9896438021652 25.9341191375661 42.0980999533829
44.4475537692209 35.218739254807 36.6934406019603
43.1357661667128 40.2177048237202 37.3037469343868
45.0641858425576 38.027962634182 39.2166495066765
45.1532040608357 32.2153188878832 39.4707754513379
43.8287360942071 40.9557331568841 42.2599804933549
45.0460493283531 24.1872003512199 43.0158528143838
44.3844125759771 37.7948759643081 41.0467147608097
45.8552457797146 35.4738542566037 38.2789844239279
45.0826695735592 32.161339053169 42.3047495782847
42.9279440343412 31.2141040712733 46.9342565840795
44.5591648467136 28.3198738762767 47.9030198982397
44.6885686316353 40.8265657041777 37.7333547412447
43.7501182364057 47.9596506482923 38.2839382051642
44.8915878900206 42.3179824222708 37.57543583561
44.4258949964588 36.4126676629086 40.1262492535586
45.7690297028805 45.3180459318348 37.3474660495804
44.9186823967166 30.9602848593341 38.0284705802591
43.8823949373016 27.3997116119076 47.0233692329715
44.3579471767721 40.1976553777938 40.3832886062361
45.5517862516779 32.5192844623289 40.4211226559319
44.8523353254682 26.6137045863021 44.684942817695
45.5580713120403 23.9007163707668 43.2749090406712
43.4235337728145 36.4267096618978 43.7021653070138
46.6994055197892 32.4390768846801 36.8387939633902
44.8421263337572 40.0869306091893 33.7277396535532
45.8453282438426 37.6715925693083 33.4699032633969
43.5076404311652 38.3434826174003 44.781163046196
45.3972210138107 30.6703501877009 39.2843433927275
45.245655484755 34.3023380133353 40.663345476906
44.6494246615624 35.2784679724695 39.5179883301671
44.9002055638753 37.0810516923165 39.5568055651714
44.1273071288923 45.2385519456414 39.8792071545696
46.0901436026036 29.1247696600326 42.75143342524
45.0834231760825 34.2898019096135 40.1631040331181
44.4288401695053 30.3276047763867 35.9554812743977
45.6649823835314 37.1897924668569 37.4289279886132
45.9161519902671 29.9284548573327 42.8893041212664
44.2077045336984 25.1110168919461 45.6150313871043
44.9413063448837 27.77503134852 46.1564789046713
45.2687857921948 40.8838535931264 33.5653851381296
45.3359302876128 31.9755947344604 42.373874266858
44.6055280016985 32.5657087764554 40.7721737506897
46.4678287137172 33.0488059418061 40.2256490992137
45.0187494529705 25.2042291577454 42.1928399539523
45.1150839508574 37.8794915132623 41.7805281131064
44.8053852385684 40.5913387071225 37.1147547911973
45.5629847286589 21.5057520087331 44.6721937428351
44.6140570352519 37.3982635538251 40.5746558493747
46.3991838207364 42.2448800225904 38.9788090813077
45.422245003431 34.1510553648292 37.1763360176999
44.6214695583465 32.3347888670086 42.9937950145486
46.8097310580401 31.1802008128586 37.0680198474374
45.3921713004047 31.9632036308478 39.0735551444564
46.8837408084535 26.8231355869796 42.6948685007498
45.263877221045 33.404966479536 36.1345330407699
45.076286831409 38.0865033723741 38.6522666204583
47.343945587428 29.9598816942709 35.7145053371516
44.9805787154607 36.774285601642 37.0523284606031
46.1744690843098 29.5285906445138 41.5671122329341
46.564785586012 38.5176995384775 40.4847978272499
45.8975644028041 32.3228829682108 35.8379449446707
44.9380775742708 33.8343429210382 39.131163311412
48.3806779746028 39.6287938277613 35.0845345889582
44.6585652468176 42.9789123828898 34.5200880181796
44.8487395962589 39.1874553318776 35.7685338194659
42.8682153334853 43.0330502527832 40.4873907833564
43.8615645303379 38.1435263769608 39.1233925610499
44.7863400553922 38.0276330043848 40.4704125500908
44.9109709861987 38.1555693726681 41.2579978475064
42.5087568211256 31.7476085071261 43.1704984928597
44.6597052571987 38.2040687863143 41.0497651783739
42.2075977559107 43.221247944325 41.666161906208
44.729496806491 34.2137243903067 41.1557819575552
46.0819198813502 21.3197287997589 45.7657895294849
45.6702903878053 40.6446848497145 36.4649156626996
46.9180642628482 33.8847856813087 39.0494338249007
44.5260555568221 46.3024965496548 39.2267399748663
45.0159884949472 30.9593212720222 42.0599504162937
45.4686746092318 25.5577034797919 42.1417163957374
44.4096773021519 25.9923358340003 46.4297981144624
45.9890612628243 39.701206766918 35.277934820285
45.4981620654464 32.18486257992 36.3196798275227
44.0079558090834 41.2730740009877 40.6642192523158
44.7355899134847 40.3188790911821 35.3850371561228
44.3632503034196 32.1342928488242 41.1371340397073
43.539465519917 39.3083007020849 41.5247327701527
43.7058115575239 33.0364297653946 45.5039916383351
45.2452740786027 30.91791547459 45.4488792859913
45.7708628170377 23.8557598196448 37.363595184517
47.0064416092365 33.261763195969 36.0787288756177
45.3236587256265 26.262199425367 47.8788955451003
46.0382827122173 31.4365365065741 37.0517395663763
44.586058005157 39.7631872424019 39.3137800421389
45.0179956459488 34.8937350552228 39.7191378679653
45.2962000860215 42.8334300221799 39.5254032807465
43.6471261387264 35.6223655575188 41.4984187013127
43.6489518657944 25.9983496402162 43.3984146377147
44.5546790490828 25.2018239006747 46.2705768894179
44.2981977116702 35.2862511025885 40.8129963445445
45.3883671337046 32.5643764502145 39.5335502844984
45.8712786484026 31.796518000671 38.4040745420581
43.8693329370452 34.9792258769745 44.3723507722165
43.8516353622083 28.7228165669849 42.2585391899334
45.0585184921986 39.0392540489159 37.099212070277
45.1976787868766 34.5815719328312 40.9371458090595
44.2101337506386 37.02196647736 40.7259783552634
44.6988802728081 32.2433228703965 40.466932810625
44.9372913018879 37.0782170432151 40.9385627649141
45.3000042308443 26.342061318486 44.503928553939
47.2123212787479 31.820622932574 35.4016390837181
44.1710666694646 34.992871463216 38.6386070977017
45.0902146802738 40.0549989134062 37.7462099662983
44.3299928922602 36.6476195160477 39.3012680767152
45.929470850372 25.5396825410429 40.3499119353003
43.3330731037096 30.7130255670401 41.2374480625347
44.7950893391795 27.0977629178743 48.7431350396669
45.1103641150852 41.423730578635 31.4862821427302
44.4580319256317 43.7913194015724 39.8910565226144
44.7502756737914 38.2330203220173 42.7778378150856
42.1456342774997 45.1269579055702 39.1452713975072
42.7222773563796 40.0284423204393 29.7687125912491
45.7932438198218 33.2765581604653 38.0308811722556
46.7543181063968 30.0706163714114 41.1369072391885
43.2174727488004 39.5361623298511 42.8363262078527
42.3756920387989 43.3399450768182 39.7536950562471
45.1624259799455 37.4451788229415 43.8324766157071
45.4690320495733 43.2293288023727 34.1817535884598
44.8853390858409 41.3298346362377 40.8046504005373
45.5099449248237 42.1794339837993 35.8204992989025
46.7373035278863 23.4937262847672 37.5558030363515
44.3921994131822 35.9316200178508 41.2417232179604
45.9894445740074 29.466677553091 40.6726909611203
45.8401926072472 44.0147264394236 35.5549723441255
42.954037187089 42.3177655493135 46.8406909177647
44.504970031803 33.3653571528566 47.7161168403129
45.2148024038654 39.275190663561 36.2658742142611
46.6114320873815 25.7360979087821 41.3524291884049
44.8684227437492 41.3856078208676 39.4568688443089
44.1164547683712 34.743880327862 40.855877857482
44.3876303330712 41.4938332924999 36.9910993798764
47.7960460809838 29.6197639590681 31.5172011224059
45.9119724488516 25.7177355478413 39.3983837170951
44.5172652853575 33.4628406770597 45.4668503141213
45.4650888169469 34.6460209062122 39.6632686873684
44.731486190339 44.0180466756414 43.5422791703298
45.6066421310666 41.4220622365994 36.7415988254519
45.0555291024012 33.7715413914702 42.6312373702721
44.7502078842573 40.0594207591466 40.4251467619746
44.4867985903782 32.4092465411313 32.4345333166382
45.3256725601216 29.0539354761137 38.5718547278022
45.194643035559 34.72060591218 42.2043153826765
44.501275132736 37.4165086042937 36.4266236831567
44.1600778079696 43.7032061194924 37.8814293105266
45.5798375553166 32.0067932472058 41.6455697924211
45.3958053203075 45.3872600516634 42.404049272517
45.4668790457321 28.858669041326 39.0616492105998
46.4883879746459 24.1824960197855 38.441100255211
44.4123256540056 31.5508781290061 36.3748435022977
44.1926814492229 34.1852970065477 43.5308825368834
43.3532183257241 39.885113260027 42.3476649611002
45.6754892278054 33.1945619187276 41.0494382809801
45.0423184156178 30.6284523068972 40.6875833187315
44.1142062345355 38.2980459449527 41.0405841559903
41.782990071825 34.0117247433702 45.3365251982503
43.5461155536215 35.4706545044464 41.8668241764805
44.3186918766636 36.189414696091 39.4704090636452
43.9557010133193 47.9743371157882 36.1220031711298
45.5077240912198 30.9416992611538 39.8235747635392
44.9398534125425 41.172284391139 41.2021564050638
45.0866922447075 31.8524456671145 36.3342472050578
44.6934858075803 32.627707673802 41.2047956522173
44.0384612435311 35.8832168250303 39.0345553868427
44.2586297135638 37.8893692737484 37.7855142461066
42.0075130588934 41.2042076698993 45.6559662282184
43.8856591453742 46.5689526491865 37.8940746268123
44.5028127964003 43.4257213952674 40.4680106223139
45.7813288990943 31.0012823512753 40.2254769855232
45.6776491163182 33.9625937181703 40.4783116594304
43.9558216586834 38.0507304449826 39.224954219362
43.4089307582278 36.0518566965393 42.6202252033581
44.9035732420822 38.8894325812707 41.8280905470104
45.2812681587842 33.0905057008055 40.189390244121
45.4302813413829 45.6583614817559 29.960102084491
44.2665270969076 35.1083572405556 36.1355792473326
45.4124648575915 43.5049157500249 38.4495873520343
44.2496007654887 37.8892967393512 41.1506652499742
44.9138478175666 32.3467455079978 42.563915879642
43.4232797784612 38.8953447108739 42.2884064746488
45.6889740781498 33.6803140101364 37.5998442251511
45.0968890881444 35.0621687002935 40.2170426823287
44.8131095026902 37.6436967332168 40.7051241204348
46.4877405151036 35.0732235246539 39.0855282605601
41.8900802032871 43.0403481620298 43.0390094901518
43.7885550147946 40.479742398513 38.7970214958526
43.2442052788426 34.3483047892515 44.7771642412602
45.0356329719012 34.2081196219221 36.9246249738774
45.1829949192663 28.3452428270669 40.5373869136389
46.2007058524879 33.1021811173088 38.6942947600967
43.670376817774 45.4337287564495 42.322914593691
45.3506209219808 31.7696920445837 39.5506733302661
45.5525596729703 37.9468720112555 46.7677654366101
43.9307917007296 32.2753718433321 41.6527107024059
45.5596419443901 29.1293708673001 39.542729034301
46.0149164504479 38.6379682841473 35.4742951640222
42.9246312268434 44.1504598464353 35.4052294731329
44.6016734678523 35.0430466980879 38.3122993878423
44.753955660255 33.0184483379691 37.4233763576123
44.3378413594778 33.4603646890811 49.3610363029404
45.974476054933 44.245486459955 38.4397091274352
45.2403264622796 37.7091160530144 37.7624702114412
45.4672879998705 43.3920520527904 32.8689734291857
44.6435043369618 34.9597534338352 42.348076152532
44.8974852882413 36.514631138628 41.3498161768268
43.8563277649552 37.3671874508341 39.174044383006
43.9009428289368 30.9461326869199 41.5215239204701
43.7872632300319 48.7560311204534 40.5133441321971
44.2749020211144 27.8963874709822 45.5496435176851
43.5150004538705 48.3825296665361 36.0475557843106
45.4178511857519 46.9596981563449 37.7267819591963
44.322875319508 36.4461721898674 42.0931970074531
45.6359336273931 28.2263701473465 40.6191837901684
44.0826597037222 45.9106752765035 38.0460536637374
44.9187056078809 33.4622213633604 40.0833572803046
45.6190467280153 27.4621798338971 44.9448002943774
44.38065747868 37.7842708910489 31.8964972253509
45.5810841193476 31.2754567968123 41.0496293197423
46.4623190050682 40.4683086654274 37.5713767636274
43.5615342538469 29.5023086790471 43.1938328515216
47.0226326078429 30.9535794663059 40.3570387652615
43.6810224434922 37.2636565000404 41.3310553005275
44.7871233592968 46.6152467706175 34.7644869809643
45.7600133873605 32.6442145299434 38.8060582439354
44.3320287822102 34.322638117978 42.2531136726952
44.6169929472383 35.2845067675308 42.8440121797936
44.4323759546409 27.4602816169398 45.9826850258104
45.1749783004294 34.2046209951764 40.3556029435336
45.0998931470264 37.5938131537063 38.7401610089972
45.7957871879491 25.6980299031908 42.5232947066293
45.6098751404049 37.6248423990932 38.9136015198386
45.2123993457954 36.9850792301242 38.4977696238039
44.1903758726699 36.4096767705896 41.6670095317653
45.4496822227654 30.9822008220466 39.4364754164916
45.6289807072252 30.6552765786397 43.7379779214212
45.2358482727561 32.375332816 41.3801563309002
43.195081422971 42.8734185818109 41.8079124898223
45.4188465182265 28.7712988231074 41.4819416255997
45.7029880034569 36.254011859238 36.0985477991269
44.9138128601964 23.5149577105364 46.6907629611887
44.5684559593125 39.0305263732383 42.2364791164527
45.7933678873071 29.462283953693 40.1329297102824
44.5596019541189 33.6454971922544 42.882370101479
43.4379594087044 36.1786995147197 43.3442188224409
44.412651628571 40.4223004322583 37.5691451650793
45.2263347263217 35.6487370548249 37.2005210677664
45.4456709532872 35.4511083919099 38.8166558433605
46.0888823463357 26.067037031407 39.3435741696873
45.0860807921543 40.8389179430949 35.013680654397
43.2412712873628 33.9644044897961 47.4353948728347
44.7533983147107 42.035622017951 39.639044849692
43.0470195049924 45.6314040443106 39.71179441305
46.6344876152013 29.4335315725682 41.1748331863387
43.7554205233101 45.0235216913342 35.5559895296443
44.2726451629058 27.4339607559105 41.5031204468202
46.9962169913757 23.4892857249704 40.9140237093911
43.433508327959 42.0822123880219 37.2363599716073
45.5725372022286 33.1645563006749 39.3247050507675
44.2949925583211 33.9668880601943 40.6473586527307
45.4532629300377 43.9706081448115 35.4034797476787
45.2358094217634 33.4622360244356 39.2467551300518
44.5461720768441 25.8406909189346 45.3671032470004
45.0027932890683 36.808593928846 39.7559126567047
45.5646063954391 27.8016034748102 36.6369225556559
45.5306500060437 30.9793206920444 43.5107562389376
44.1322521471166 39.6916947839665 35.2586627451756
43.3718214364484 39.4094213678037 37.0580880154384
43.7651674159292 40.6866823753266 38.6563583718713
46.5133311272131 32.4411443356205 35.9185661935867
43.282175463904 37.4530176220083 47.1048869926754
45.9372335360209 36.763820792696 39.8274864305869
43.4970490573347 30.3001619803705 48.8249924999171
44.7152557914699 28.2399636749598 42.8412540398058
45.3318170407125 25.1182300788269 46.8169508572792
43.5290362855542 37.016616579692 40.9327152504002
45.7600900702074 36.7000138172344 33.710667698309
45.4995326325335 30.8881591990438 40.180372064796
46.4153638491846 32.9071189506371 39.3953425343299
45.1011263614884 35.0609636040918 39.319745608213
49.4016328435511 31.8005082808574 34.9636537332407
45.5358948369731 28.0872335958086 39.1089302651248
44.4626688577943 31.3761731552176 38.746140868241
44.8666586758562 30.3805506367244 42.8983270001426
45.3914317950194 35.0040563249892 40.3372276289198
45.3627648050862 40.1112466873547 36.672476933173
